13.60
19.60
15.20
14.50
15.60
13.90
16.60
14.80
18.40
21.00
12.70
14.50
13.20
13.10
13.50
18.90
20.00
21.00
24.70
30.80
34.90
26.60
25.30
24.70
21.20
19.30
20.00
16.60
14.40
19.40
19.70
20.50
25.00
23.40
18.90
35.40
24.70
31.60
23.30
19.60
18.70
16.00
22.20
25.00
33.00
23.50
19.40
22.00
17.40
20.90
24.20
21.70
22.80
23.40
24.10
21.40
20.00
20.80
21.20
20.30
28.00
23.90
24.80
22.90
23.90
26.60
22.50
22.20
23.60
28.70
22.60
22.00
22.90
25.00
20.60
28.40
21.40
38.70
43.80
33.20
27.50
26.50
18.60
19.30
20.10
19.50
19.50
20.40
19.80
19.40
21.70
22.80
18.80
18.70
18.50
18.30
21.20
19.20
20.40
19.30
22.00
20.30
20.50
17.30
18.80
21.40
15.70
16.20
18.00
14.30
19.20
19.60
23.00
18.40
15.60
18.10
17.40
17.10
13.30
17.80
14.00
14.40
13.40
15.60
11.80
13.80
15.60
14.60
17.80
15.40
21.50
19.60
15.30
19.40
17.00
15.60
13.10
41.30
24.30
23.30
27.00
50.00
50.00
50.00
22.70
25.00
50.00
23.80
23.80
22.30
17.40
19.10
23.10
23.60
22.60
29.40
23.20
24.60
29.90
37.20
39.80
36.20
37.90
32.50
26.40
29.60
50.00
32.00
29.80
34.90
37.00
30.50
36.40
31.10
29.10
50.00
33.30
30.30
34.60
34.90
32.90
24.10
42.30
48.50
50.00
22.60
24.40
22.50
24.40
20.00
21.70
19.30
22.40
28.10
23.70
25.00
23.30
28.70
21.50
23.00
26.70
21.70
27.50
30.10
44.80
50.00
37.60
31.60
46.70
31.50
24.30
31.70
41.70
48.30
29.00
24.00
25.10
31.50
23.70
23.30
22.00
20.10
22.20
23.70
17.60
18.50
24.30
20.50
24.50
26.20
24.40
24.80
29.60
42.80
21.90
20.90
44.00
50.00
36.00
30.10
33.80
43.10
48.80
31.00
36.50
22.80
30.70
50.00
43.50
20.70
21.10
25.20
24.40
35.20
32.40
32.00
33.20
33.10
29.10
35.10
45.40
35.40
46.00
50.00
32.20
22.00
20.10
23.20
22.30
24.80
28.50
37.30
27.90
23.90
21.70
28.60
27.10
20.30
22.50
29.00
24.80
22.00
26.40
33.10
36.10
28.40
33.40
28.20
22.80
20.30
16.10
22.10
19.40
21.60
23.80
16.20
17.80
19.80
23.10
21.00
23.80
23.10
20.40
18.50
25.00
24.60
23.00
22.20
19.30
22.60
19.80
17.10
19.40
22.20
20.70
21.10
19.50
18.50
20.60
19.00
18.70
32.70
16.50
23.90
31.20
17.50
17.20
23.10
24.50
26.60
22.90
24.10
18.60
30.10
18.20
20.60
17.80
21.70
22.70
22.60
25.00
19.90
20.80
16.80
21.90
27.50
21.90
23.10
50.00
50.00
50.00
50.00
50.00
13.80
13.80
15.00
13.90
13.30
13.10
10.20
10.40
10.90
11.30
12.30
8.80
7.20
10.50
7.40
10.20
11.50
15.10
23.20
9.70
13.80
12.70
13.10
12.50
8.50
5.00
6.30
5.60
7.20
12.10
8.30
8.50
5.00
11.90
27.90
17.20
27.50
15.00
17.20
17.90
16.30
7.00
7.20
7.50
10.40
8.80
8.40
16.70
14.20
20.80
13.40
11.70
8.30
10.20
10.90
11.00
9.50
14.50
14.10
16.10
14.30
11.70
13.40
9.60
8.70
8.40
12.80
10.50
17.10
18.40
15.40
10.80
11.80
14.90
12.60
14.10
13.00
13.40
15.20
16.10
17.80
14.90
14.10
12.70
13.50
14.90
20.00
16.40
17.70
19.50
20.20
21.40
19.90
19.00
19.10
19.10
20.10
19.90
19.60
23.20
29.80
13.80
13.30
16.70
12.00
14.60
21.40
23.00
23.70
25.00
21.80
20.60
21.20
19.10
20.60
15.20
7.00
8.10
13.60
20.10
21.80
24.50
23.10
19.70
18.30
21.20
17.50
16.80
22.40
20.60
23.90
22.00
11.90
